testing with
  lockable items: 1000000
  transactions  : 1000000
  refs per tx   : 20
  thread count  : 1..16 threads
 
 threads   elapsed msec   conflicts   races
 ==========================================
     0          2973            0            0
     1          3514            0            0
     2          3453            7            0
     3          3459           24            0
     4          3536           44            0
     5          3601           84            0
     6          3829          120            0
     7          4212          176            0
     8          4518          281            0
     9          5145          817            0
    10          5744         1458            0
    11          6273         1857            0
    12          6855         2577            0
    13          7414         3131            0
    14          7860         3781            0
    15          8481         4582            0
    16          9068         5375            0


